# This file was generated using the air_light_example_v0.txt input file of
# afivo-streamer. The first column is the electric field in Townsend, the
# second column is the effective ionization rate. The file corresponds to 1
# bar, 300 K (relevant for three-body attachment).
0                      -59245528.9948018
1.3013013013013        -52489381.1410122
2.6026026026026        -34352855.6534727
3.9039039039039        -24541749.0668659
5.20520520520521       -19358081.7120938
6.50650650650651       -16476895.2115596
7.80780780780781       -14714134.6092378
9.10910910910911       -13603256.4290089
10.4104104104104       -12822316.2896406
11.7117117117117       -12287650.0340513
13.013013013013        -11879425.092112
14.3143143143143       -11546553.8388508
15.6156156156156       -11295794.2396871
16.9169169169169       -11088167.4995709
18.2182182182182       -10907840.3939531
19.5195195195195       -10763739.5977825
20.8208208208208       -10638258.6504595
22.1221221221221       -10529605.9032521
23.4234234234234       -10446066.4056036
24.7247247247247       -10362526.9079552
26.026026026026        -10299354.464928
27.3273273273273       -10241900.5930443
28.6286286286286       -10184446.7211607
29.9299299299299       -10160326.1893269
31.2312312312312       -10147137.4403453
32.5325325325325       -10133948.6913636
33.8338338338338       -10146047.2257107
35.1351351351351       -10234473.4757318
36.4364364364364       -10322899.725753
37.7377377377377       -10411325.9757741
39.039039039039        -10539138.966058
40.3403403403403       -10833372.3720804
41.6416416416416       -11127605.7781028
42.9429429429429       -11421839.1841253
44.2442442442442       -11716072.5901477
45.5455455455456       -12178285.1316493
46.8468468468468       -12816461.5786111
48.1481481481481       -13454638.0255729
49.4494494494495       -14092814.4725348
50.7507507507508       -14730990.9194966
52.0520520520521       -15395099.7611439
53.3533533533534       -16501630.0993413
54.6546546546547       -17608160.4375386
55.955955955956        -18714690.7757359
57.2572572572573       -19821221.1139333
58.5585585585586       -20927751.4521306
59.8598598598599       -22034281.7903279
61.1611611611612       -23463691.4540575
62.4624624624625       -24994131.9523201
63.7637637637638       -26524572.4505827
65.0650650650651       -28055012.9488453
66.3663663663664       -29585453.447108
67.6676676676677       -31115893.9453706
68.968968968969        -32646334.4436332
70.2702702702703       -34193052.3834622
71.5715715715716       -35757642.2790237
72.8728728728729       -37322232.1745853
74.1741741741742       -38886822.0701468
75.4754754754755       -40451411.9657083
76.7767767767768       -42016001.8612699
78.0780780780781       -43580591.7568314
79.3793793793794       -45145181.6523929
80.6806806806807       -46675837.0735742
81.981981981982        -47369109.2386517
83.2832832832833       -48062381.4037293
84.5845845845846       -48755653.5688069
85.8858858858859       -49448925.7338844
87.1871871871872       -50142197.898962
88.4884884884885       -50835470.0640396
89.7897897897898       -51528742.2291171
91.0910910910911       -52222014.3941947
92.3923923923924       -52915286.5592722
93.6936936936937       -52924994.6513715
94.994994994995        -51103314.3772352
96.2962962962963       -49281634.103099
97.5975975975976       -47459953.8289627
98.8988988988989       -45638273.5548264
100.2002002002         -43816593.2806901
101.501501501502       -41994913.0065538
102.802802802803       -40173232.7324175
104.104104104104       -38351552.4582812
105.405405405405       -36529872.184145
106.706706706707       -34708191.9100087
108.008008008008       -32856252.5578948
109.309309309309       -26117472.1124011
110.610610610611       -19378691.6669071
111.911911911912       -12639911.2214131
113.213213213213       -5901130.77591932
114.514514514515       837649.669574708
115.815815815816       7576430.11506863
117.117117117117       14315210.5605625
118.418418418418       21053991.0060564
119.71971971972        27792771.4515504
121.021021021021       34531551.8970441
122.322322322322       41270332.3425381
123.623623623624       48009112.7880319
124.924924924925       54747893.2335259
126.226226226226       68792310.7050139
127.527527527528       83972410.2632905
128.828828828829       99152509.8215673
130.13013013013        114332609.379844
131.431431431431       129512708.938121
132.732732732733       144692808.496398
134.034034034034       159872908.054675
135.335335335335       175053007.612952
136.636636636637       190233107.171229
137.937937937938       205413206.729506
139.239239239239       220593306.287783
140.540540540541       235773405.84606
141.841841841842       250953505.404337
143.143143143143       266133604.962613
144.444444444444       281313704.52089
145.745745745746       305979821.646985
147.047047047047       334212231.575883
148.348348348348       362444641.504781
149.64964964965        390677051.43368
150.950950950951       418909461.362578
152.252252252252       447141871.291476
153.553553553554       475374281.220375
154.854854854855       503606691.149271
156.156156156156       531839101.078171
157.457457457457       560071511.007069
158.758758758759       588303920.935967
160.06006006006        616536330.864866
161.361361361361       644768740.793763
162.662662662663       673001150.722663
163.963963963964       701233560.651559
165.265265265265       729465970.580459
166.566566566567       757698380.509356
167.867867867868       789828005.812328
169.169169169169       836993076.377603
170.47047047047        884158146.942875
171.771771771772       931323217.508153
173.073073073073       978488288.073426
174.374374374374       1025653358.6387
175.675675675676       1072818429.20398
176.976976976977       1119983499.76925
178.278278278278       1167148570.33453
179.57957957958        1214313640.8998
180.880880880881       1261478711.46508
182.182182182182       1308643782.03035
183.483483483484       1355808852.59563
184.784784784785       1402973923.1609
186.086086086086       1450138993.72618
187.387387387387       1497304064.29145
188.688688688689       1544469134.85673
189.98998998999        1591634205.42201
191.291291291291       1638799275.98728
192.592592592593       1685964346.55255
193.893893893894       1733129417.11783
195.195195195195       1804051448.39054
196.496496496497       1877082556.57698
197.797797797798       1950113664.76341
199.099099099099       2023144772.94985
200.4004004004         2096175881.13629
201.701701701702       2169206989.32272
203.003003003003       2242238097.50916
204.304304304304       2315269205.6956
205.605605605606       2388300313.88203
206.906906906907       2461331422.06847
208.208208208208       2534362530.25491
209.50950950951        2607393638.44134
210.810810810811       2680424746.62778
212.112112112112       2753455854.81421
213.413413413413       2826486963.00065
214.714714714715       2899518071.18709
216.016016016016       2972549179.37352
217.317317317317       3045580287.55996
218.618618618619       3118611395.74639
219.91991991992        3191642503.93283
221.221221221221       3264673612.11927
222.522522522523       3337704720.30571
223.823823823824       3410735828.49214
225.125125125125       3497569994.85939
226.426426426426       3604806165.25523
227.727727727728       3712042335.65107
229.029029029029       3819278506.04692
230.33033033033        3926514676.44276
231.631631631632       4033750846.83861
232.932932932933       4140987017.23445
234.234234234234       4248223187.63029
235.535535535536       4355459358.02613
236.836836836837       4462695528.42198
238.138138138138       4569931698.81782
239.439439439439       4677167869.21367
240.740740740741       4784404039.60951
242.042042042042       4891640210.00535
243.343343343343       4998876380.4012
244.644644644645       5106112550.79704
245.945945945946       5213348721.19288
247.247247247247       5320584891.58872
248.548548548549       5427821061.98457
249.84984984985        5535057232.38041
251.151151151151       5642293402.77626
252.452452452452       5749529573.1721
253.753753753754       5856765743.56794
255.055055055055       5964001913.96378
256.356356356356       6071238084.35963
257.657657657658       6178474254.75547
258.958958958959       6285710425.15132
260.26026026026        6401447445.28304
261.561561561562       6551187864.35834
262.862862862863       6700928283.43362
264.164164164164       6850668702.50891
265.465465465465       7000409121.58419
266.766766766767       7150149540.65949
268.068068068068       7299889959.73476
269.369369369369       7449630378.81004
270.670670670671       7599370797.88534
271.971971971972       7749111216.96062
273.273273273273       7898851636.03591
274.574574574575       8048592055.11119
275.875875875876       8198332474.18648
277.177177177177       8348072893.26176
278.478478478479       8497813312.33706
279.77977977978        8647553731.41234
281.081081081081       8797294150.48763
282.382382382382       8947034569.56291
283.683683683684       9096774988.6382
284.984984984985       9246515407.71348
286.286286286286       9396255826.78877
287.587587587588       9545996245.86406
288.888888888889       9695736664.93934
290.19019019019        9845477084.01463
291.491491491492       9995217503.08992
292.792792792793       10144957922.1652
294.094094094094       10294698341.2405
295.395395395395       10444438760.3158
296.696696696697       10594179179.3911
297.997997997998       10743919598.4663
299.299299299299       10893660017.5416
300.600600600601       11043400436.6169
301.901901901902       11231973601.7806
303.203203203203       11432151197.312
304.504504504505       11632328792.8434
305.805805805806       11832506388.3749
307.107107107107       12032683983.9063
308.408408408408       12232861579.4377
309.70970970971        12433039174.9691
311.011011011011       12633216770.5005
312.312312312312       12833394366.0319
313.613613613614       13033571961.5634
314.914914914915       13233749557.0948
316.216216216216       13433927152.6262
317.517517517518       13634104748.1576
318.818818818819       13834282343.689
320.12012012012        14034459939.2204
321.421421421421       14234637534.7519
322.722722722723       14434815130.2833
324.024024024024       14634992725.8147
325.325325325325       14835170321.3461
326.626626626627       15035347916.8775
327.927927927928       15235525512.4089
329.229229229229       15435703107.9404
330.530530530531       15635880703.4718
331.831831831832       15836058299.0032
333.133133133133       16036235894.5346
334.434434434434       16236413490.066
335.735735735736       16436591085.5974
337.037037037037       16636768681.1288
338.338338338338       16836946276.6603
339.63963963964        17037123872.1917
340.940940940941       17237301467.7231
342.242242242242       17437479063.2545
343.543543543544       17637656658.7859
344.844844844845       17837834254.3174
346.146146146146       18038011849.8487
347.447447447447       18238189445.3802
348.748748748749       18458137987.5095
350.05005005005        18715648241.0317
351.351351351351       18973158494.554
352.652652652653       19230668748.0763
353.953953953954       19488179001.5986
355.255255255255       19745689255.1208
356.556556556557       20003199508.6431
357.857857857858       20260709762.1653
359.159159159159       20518220015.6876
360.46046046046        20775730269.2099
361.761761761762       21033240522.7321
363.063063063063       21290750776.2544
364.364364364364       21548261029.7767
365.665665665666       21805771283.2989
366.966966966967       22063281536.8212
368.268268268268       22320791790.3434
369.56956956957        22578302043.8657
370.870870870871       22835812297.3879
372.172172172172       23093322550.9102
373.473473473474       23350832804.4325
374.774774774775       23608343057.9547
376.076076076076       23865853311.477
377.377377377377       24123363564.9993
378.678678678679       24380873818.5215
379.97997997998        24638384072.0438
381.281281281281       24895894325.566
382.582582582583       25153404579.0883
383.883883883884       25410914832.6105
385.185185185185       25668425086.1328
386.486486486487       25925935339.6551
387.787787787788       26183445593.1773
389.089089089089       26440955846.6996
390.39039039039        26698466100.2219
391.691691691692       26955976353.7441
392.992992992993       27213486607.2664
394.294294294294       27470996860.7886
395.595595595596       27728507114.3109
396.896896896897       27986017367.8332
398.198198198198       28243527621.3554
399.4994994995         28501037874.8777
400.800800800801       28758548128.4
402.102102102102       29016058381.9222
403.403403403403       29283332817.2785
404.704704704705       29603310769.5419
406.006006006006       29923288721.8055
407.307307307307       30243266674.0689
408.608608608609       30563244626.3324
409.90990990991        30883222578.5959
411.211211211211       31203200530.8594
412.512512512513       31523178483.1229
413.813813813814       31843156435.3863
415.115115115115       32163134387.6498
416.416416416416       32483112339.9133
417.717717717718       32803090292.1768
419.019019019019       33123068244.4403
420.32032032032        33443046196.7038
421.621621621622       33763024148.9672
422.922922922923       34083002101.2307
424.224224224224       34402980053.4942
425.525525525526       34722958005.7577
426.826826826827       35042935958.0211
428.128128128128       35362913910.2847
429.429429429429       35682891862.5481
430.730730730731       36002869814.8116
432.032032032032       36322847767.0751
433.333333333333       36642825719.3386
434.634634634635       36962803671.6021
435.935935935936       37282781623.8655
437.237237237237       37602759576.129
438.538538538539       37922737528.3925
439.83983983984        38242715480.656
441.141141141141       38562693432.9195
442.442442442442       38882671385.1829
443.743743743744       39202649337.4464
445.045045045045       39522627289.7099
446.346346346346       39842605241.9734
447.647647647648       40162583194.2369
448.948948948949       40482561146.5004
450.25025025025        40802539098.7639
451.551551551552       41122517051.0273
452.852852852853       41442495003.2908
454.154154154154       41762472955.5543
455.455455455455       42082450907.8178
456.756756756757       42402428860.0813
458.058058058058       42722406812.3447
459.359359359359       43042384764.6082
460.660660660661       43362362716.8717
461.961961961962       43682340669.1352
463.263263263263       44002318621.3987
464.564564564565       44322296573.6621
465.865865865866       44642274525.9256
467.167167167167       44980864935.3158
468.468468468469       45366808520.798
469.76976976977        45752752106.2802
471.071071071071       46138695691.7624
472.372372372372       46524639277.2446
473.673673673674       46910582862.7268
474.974974974975       47296526448.209
476.276276276276       47682470033.6913
477.577577577578       48068413619.1735
478.878878878879       48454357204.6557
480.18018018018        48840300790.1379
481.481481481481       49226244375.6201
482.782782782783       49612187961.1023
484.084084084084       49998131546.5845
485.385385385385       50384075132.0668
486.686686686687       50770018717.549
487.987987987988       51155962303.0311
489.289289289289       51541905888.5134
490.590590590591       51927849473.9956
491.891891891892       52313793059.4779
493.193193193193       52699736644.96
494.494494494494       53085680230.4422
495.795795795796       53471623815.9245
497.097097097097       53857567401.4067
498.398398398398       54243510986.8889
499.6996996997         54629454572.3711
501.001001001001       55015398157.8533
502.302302302302       55401341743.3356
503.603603603604       55787285328.8177
504.904904904905       56173228914.3
506.206206206206       56559172499.7822
507.507507507507       56945116085.2644
508.808808808809       57331059670.7466
510.11011011011        57717003256.2288
511.411411411411       58102946841.7111
512.712712712713       58488890427.1932
514.014014014014       58874834012.6754
515.315315315315       59260777598.1577
516.616616616617       59646721183.6399
517.917917917918       60032664769.1222
519.219219219219       60418608354.6044
520.52052052052        60804551940.0865
521.821821821822       61190495525.5688
523.123123123123       61576439111.051
524.424424424424       61962382696.5332
525.725725725726       62348326282.0154
527.027027027027       62734269867.4977
528.328328328328       63120213452.9799
529.62962962963        63506157038.4621
530.930930930931       63892100623.9443
532.232232232232       64278044209.4265
533.533533533534       64663987794.9088
534.834834834835       65049931380.3909
536.136136136136       65435874965.8731
537.437437437437       65821818551.3554
538.738738738739       66207762136.8376
540.04004004004        66593705722.3198
541.341341341341       67031889484.8309
542.642642642643       67483114460.429
543.943943943944       67934339436.0271
545.245245245245       68385564411.6252
546.546546546547       68836789387.2234
547.847847847848       69288014362.8214
549.149149149149       69739239338.4196
550.450450450451       70190464314.0177
551.751751751752       70641689289.6158
553.053053053053       71092914265.2139
554.354354354354       71544139240.812
555.655655655656       71995364216.4101
556.956956956957       72446589192.0083
558.258258258258       72897814167.6063
559.55955955956        73349039143.2045
560.860860860861       73800264118.8026
562.162162162162       74251489094.4007
563.463463463463       74702714069.9988
564.764764764765       75153939045.5969
566.066066066066       75605164021.1951
567.367367367367       76056388996.7931
568.668668668669       76507613972.3913
569.96996996997        76958838947.9893
571.271271271271       77410063923.5874
572.572572572573       77861288899.1856
573.873873873874       78312513874.7837
575.175175175175       78763738850.3818
576.476476476477       79214963825.9799
577.777777777778       79666188801.578
579.079079079079       80117413777.1761
580.38038038038        80568638752.7743
581.681681681682       81019863728.3723
582.982982982983       81471088703.9705
584.284284284284       81922313679.5686
585.585585585586       82373538655.1667
586.886886886887       82824763630.7648
588.188188188188       83275988606.3629
589.48948948949        83727213581.961
590.790790790791       84178438557.5591
592.092092092092       84629663533.1573
593.393393393393       85080888508.7553
594.694694694695       85532113484.3535
595.995995995996       85983338459.9516
597.297297297297       86434563435.5497
598.598598598599       86885788411.1478
599.8998998999         87337013386.7459
601.201201201201       87788238362.3441
602.502502502503       88239463337.9421
603.803803803804       88690688313.5403
605.105105105105       89141913289.1383
606.406406406406       89593138264.7365
607.707707707708       90044363240.3346
609.009009009009       90495588215.9327
610.31031031031        90946813191.5308
611.611611611612       91398038167.1289
612.912912912913       91849263142.7271
614.214214214214       92300488118.3252
615.515515515516       92751713093.9233
616.816816816817       93202938069.5214
618.118118118118       93654163045.1195
619.419419419419       94105388020.7175
620.720720720721       94556612996.3157
622.022022022022       95007837971.9138
623.323323323323       95459062947.512
624.624624624625       95910287923.1101
625.925925925926       96382631054.8863
627.227227227227       96898376836.6692
628.528528528529       97414122618.452
629.82982982983        97929868400.2349
631.131131131131       98445614182.0178
632.432432432432       98961359963.8006
633.733733733734       99477105745.5835
635.035035035035       99992851527.3663
636.336336336336       100508597309.149
637.637637637638       101024343090.932
638.938938938939       101540088872.715
640.24024024024        102055834654.498
641.541541541542       102571580436.281
642.842842842843       103087326218.063
644.144144144144       103603071999.846
645.445445445445       104118817781.629
646.746746746747       104634563563.412
648.048048048048       105150309345.195
649.349349349349       105666055126.978
650.650650650651       106181800908.761
651.951951951952       106697546690.543
653.253253253253       107213292472.326
654.554554554555       107729038254.109
655.855855855856       108244784035.892
657.157157157157       108760529817.675
658.458458458459       109276275599.458
659.75975975976        109792021381.241
661.061061061061       110307767163.023
662.362362362362       110823512944.806
663.663663663664       111339258726.589
664.964964964965       111855004508.372
666.266266266266       112370750290.155
667.567567567568       112886496071.938
668.868868868869       113402241853.721
670.17017017017        113917987635.504
671.471471471472       114433733417.286
672.772772772773       114949479199.069
674.074074074074       115465224980.852
675.375375375375       115980970762.635
676.676676676677       116496716544.418
677.977977977978       117012462326.201
679.279279279279       117528208107.983
680.580580580581       118043953889.766
681.881881881882       118559699671.549
683.183183183183       119075445453.332
684.484484484485       119591191235.115
685.785785785786       120106937016.898
687.087087087087       120622682798.681
688.388388388388       121138428580.463
689.68968968969        121654174362.246
690.990990990991       122169920144.029
692.292292292292       122685665925.812
693.593593593594       123201411707.595
694.894894894895       123717157489.378
696.196196196196       124232903271.161
697.497497497498       124748649052.943
698.798798798799       125264394834.726
700.1001001001         125780140616.509
701.401401401401       126295886398.292
702.702702702703       126811632180.075
704.004004004004       127327377961.858
705.305305305305       127843123743.641
706.606606606607       128358869525.423
707.907907907908       128874615307.206
709.209209209209       129390361088.989
710.510510510511       129906106870.772
711.811811811812       130421852652.555
713.113113113113       130937598434.338
714.414414414415       131453344216.121
715.715715715716       131969089997.903
717.017017017017       132484835779.686
718.318318318318       133000581561.469
719.61961961962        133516327343.252
720.920920920921       134032073125.035
722.222222222222       134547818906.818
723.523523523524       135063564688.601
724.824824824825       135616861566.447
726.126126126126       136191850582.311
727.427427427428       136766839598.175
728.728728728729       137341828614.039
730.03003003003        137916817629.903
731.331331331331       138491806645.767
732.632632632633       139066795661.631
733.933933933934       139641784677.496
735.235235235235       140216773693.36
736.536536536537       140791762709.224
737.837837837838       141366751725.088
739.139139139139       141941740740.952
740.440440440441       142516729756.816
741.741741741742       143091718772.68
743.043043043043       143666707788.544
744.344344344344       144241696804.408
745.645645645646       144816685820.272
746.946946946947       145391674836.136
748.248248248248       145966663852
749.54954954955        146541652867.864
750.850850850851       147116641883.728
752.152152152152       147691630899.592
753.453453453453       148266619915.456
754.754754754755       148841608931.32
756.056056056056       149416597947.184
757.357357357357       149991586963.048
758.658658658659       150566575978.912
759.95995995996        151141564994.776
761.261261261261       151716554010.64
762.562562562563       152291543026.504
763.863863863864       152866532042.368
765.165165165165       153441521058.233
766.466466466467       154016510074.097
767.767767767768       154591499089.961
769.069069069069       155166488105.825
770.37037037037        155741477121.689
771.671671671672       156316466137.553
772.972972972973       156891455153.417
774.274274274274       157466444169.281
775.575575575576       158041433185.145
776.876876876877       158616422201.009
778.178178178178       159191411216.873
779.47947947948        159766400232.737
780.780780780781       160341389248.601
782.082082082082       160916378264.465
783.383383383383       161491367280.329
784.684684684685       162066356296.193
785.985985985986       162641345312.057
787.287287287287       163216334327.921
788.588588588589       163791323343.785
789.88988988989        164366312359.649
791.191191191191       164941301375.513
792.492492492493       165516290391.377
793.793793793794       166091279407.241
795.095095095095       166666268423.105
796.396396396396       167241257438.969
797.697697697698       167816246454.834
798.998998998999       168391235470.698
800.3003003003         168966224486.562
801.601601601602       169541213502.426
802.902902902903       170116202518.29
804.204204204204       170691191534.154
805.505505505506       171266180550.018
806.806806806807       171841169565.882
808.108108108108       172416158581.746
809.409409409409       172991147597.61
810.710710710711       173566136613.474
812.012012012012       174141125629.338
813.313313313313       174716114645.202
814.614614614615       175291103661.066
815.915915915916       175866092676.93
817.217217217217       176441081692.794
818.518518518519       177016070708.658
819.81981981982        177591059724.522
821.121121121121       178166048740.386
822.422422422422       178741037756.25
823.723723723724       179316026772.114
825.025025025025       179891015787.978
826.326326326326       180466004803.843
827.627627627628       181040993819.706
828.928928928929       181615982835.57
830.23023023023        182190971851.435
831.531531531532       182765960867.299
832.832832832833       183340949883.163
834.134134134134       183915938899.027
835.435435435435       184490927914.891
836.736736736737       185065916930.755
838.038038038038       185640905946.619
839.339339339339       186267059172.073
840.640640640641       186895770401.383
841.941941941942       187524481630.692
843.243243243243       188153192860.002
844.544544544545       188781904089.312
845.845845845846       189410615318.621
847.147147147147       190039326547.931
848.448448448448       190668037777.241
849.74974974975        191296749006.55
851.051051051051       191925460235.86
852.352352352352       192554171465.17
853.653653653654       193182882694.479
854.954954954955       193811593923.789
856.256256256256       194440305153.099
857.557557557558       195069016382.409
858.858858858859       195697727611.718
860.16016016016        196326438841.028
861.461461461461       196955150070.337
862.762762762763       197583861299.647
864.064064064064       198212572528.957
865.365365365365       198841283758.267
866.666666666667       199469994987.576
867.967967967968       200098706216.886
869.269269269269       200727417446.196
870.570570570571       201356128675.505
871.871871871872       201984839904.815
873.173173173173       202613551134.125
874.474474474474       203242262363.434
875.775775775776       203870973592.744
877.077077077077       204499684822.054
878.378378378378       205128396051.363
879.67967967968        205757107280.673
880.980980980981       206385818509.983
882.282282282282       207014529739.293
883.583583583584       207643240968.602
884.884884884885       208271952197.912
886.186186186186       208900663427.222
887.487487487488       209529374656.531
888.788788788789       210158085885.841
890.09009009009        210786797115.151
891.391391391391       211415508344.46
892.692692692693       212044219573.77
893.993993993994       212672930803.08
895.295295295295       213301642032.39
896.596596596597       213930353261.699
897.897897897898       214559064491.009
899.199199199199       215187775720.318
900.500500500501       215816486949.628
901.801801801802       216445198178.938
903.103103103103       217073909408.248
904.404404404404       217702620637.557
905.705705705706       218331331866.867
907.007007007007       218960043096.177
908.308308308308       219588754325.486
909.60960960961        220217465554.796
910.910910910911       220846176784.106
912.212212212212       221474888013.415
913.513513513514       222103599242.725
914.814814814815       222732310472.035
916.116116116116       223361021701.345
917.417417417417       223989732930.654
918.718718718719       224618444159.964
920.02002002002        225247155389.274
921.321321321321       225875866618.583
922.622622622623       226504577847.893
923.923923923924       227133289077.203
925.225225225225       227762000306.512
926.526526526527       228390711535.822
927.827827827828       229019422765.132
929.129129129129       229648133994.441
930.43043043043        230276845223.751
931.731731731732       230905556453.061
933.033033033033       231534267682.37
934.334334334334       232162978911.68
935.635635635636       232791690140.99
936.936936936937       233420401370.299
938.238238238238       234049112599.609
939.53953953954        234677823828.919
940.840840840841       235306535058.229
942.142142142142       235935246287.538
943.443443443443       236563957516.848
944.744744744745       237192668746.158
946.046046046046       237821379975.467
947.347347347347       238450091204.777
948.648648648649       239078802434.087
949.94994994995        239707513663.396
951.251251251251       240336224892.706
952.552552552553       240964936122.016
953.853853853854       241593647351.325
955.155155155155       242222358580.635
956.456456456456       242851069809.945
957.757757757758       243479781039.255
959.059059059059       244108492268.564
960.36036036036        244737203497.874
961.661661661662       245365914727.184
962.962962962963       245994625956.493
964.264264264264       246623337185.803
965.565565565566       247252048415.113
966.866866866867       247880759644.422
968.168168168168       248509470873.732
969.46946946947        249138182103.042
970.770770770771       249786959585.99
972.072072072072       250461419902.867
973.373373373373       251135880219.743
974.674674674675       251810340536.62
975.975975975976       252484800853.496
977.277277277277       253159261170.373
978.578578578579       253833721487.249
979.87987987988        254508181804.126
981.181181181181       255182642121.002
982.482482482482       255857102437.879
983.783783783784       256531562754.756
985.085085085085       257206023071.632
986.386386386386       257880483388.508
987.687687687688       258554943705.385
988.988988988989       259229404022.261
990.29029029029        259903864339.138
991.591591591592       260578324656.015
992.892892892893       261252784972.891
994.194194194194       261927245289.768
995.495495495495       262601705606.644
996.796796796797       263276165923.521
998.098098098098       263950626240.397
999.399399399399       264625086557.274
1000.7007007007        265299546874.15
1002.002002002         265974007191.027
1003.3033033033        266648467507.903
1004.6046046046        267322927824.78
1005.90590590591       267997388141.656
1007.20720720721       268671848458.533
1008.50850850851       269346308775.409
1009.80980980981       270020769092.286
1011.11111111111       270695229409.162
1012.41241241241       271369689726.039
1013.71371371371       272044150042.915
1015.01501501501       272718610359.792
1016.31631631632       273393070676.669
1017.61761761762       274067530993.545
1018.91891891892       274741991310.421
1020.22022022022       275416451627.298
1021.52152152152       276090911944.174
1022.82282282282       276765372261.051
1024.12412412412       277439832577.928
1025.42542542543       278114292894.804
1026.72672672673       278788753211.681
1028.02802802803       279463213528.557
1029.32932932933       280137673845.434
1030.63063063063       280812134162.31
1031.93193193193       281486594479.187
1033.23323323323       282161054796.063
1034.53453453453       282835515112.94
1035.83583583584       283509975429.816
1037.13713713714       284184435746.693
1038.43843843844       284858896063.569
1039.73973973974       285533356380.446
1041.04104104104       286207816697.322
1042.34234234234       286882277014.199
1043.64364364364       287556737331.075
1044.94494494494       288231197647.952
1046.24624624625       288905657964.828
1047.54754754755       289580118281.705
1048.84884884885       290254578598.581
1050.15015015015       290929038915.458
1051.45145145145       291603499232.335
1052.75275275275       292277959549.211
1054.05405405405       292952419866.088
1055.35535535536       293626880182.964
1056.65665665666       294301340499.841
1057.95795795796       294975800816.717
1059.25925925926       295650261133.593
1060.56056056056       296324721450.47
1061.86186186186       296999181767.347
1063.16316316316       297673642084.223
1064.46446446446       298348102401.1
1065.76576576577       299022562717.976
1067.06706706707       299697023034.853
1068.36836836837       300371483351.729
1069.66966966967       301045943668.606
1070.97097097097       301720403985.482
1072.27227227227       302394864302.359
1073.57357357357       303069324619.235
1074.87487487487       303743784936.112
1076.17617617618       304418245252.988
1077.47747747748       305092705569.865
1078.77877877878       305767165886.741
1080.08008008008       306441626203.618
1081.38138138138       307116086520.494
1082.68268268268       307790546837.371
1083.98398398398       308465007154.247
1085.28528528529       309139467471.124
1086.58658658659       309813927788.001
1087.88788788789       310488388104.877
1089.18918918919       311162848421.753
1090.49049049049       311837308738.63
1091.79179179179       312511769055.506
1093.09309309309       313186229372.383
1094.39439439439       313860689689.259
1095.6956956957        314535150006.136
1096.996996997         315209610323.013
1098.2982982983        315884070639.889
1099.5995995996        316558530956.766
1100.9009009009        317232991273.642
1102.2022022022        317907451590.519
1103.5035035035        318581911907.395
1104.8048048048        319256372224.272
1106.10610610611       319930832541.148
1107.40740740741       320605292858.025
1108.70870870871       321279753174.901
1110.01001001001       321954213491.778
1111.31131131131       322628673808.654
1112.61261261261       323303134125.531
1113.91391391391       323977594442.407
1115.21521521522       324652054759.284
1116.51651651652       325326515076.16
1117.81781781782       326000975393.037
1119.11911911912       326675435709.914
1120.42042042042       327349896026.79
1121.72172172172       328024356343.666
1123.02302302302       328699440363.101
1124.32432432432       329409153433.245
1125.62562562563       330118866503.388
1126.92692692693       330828579573.532
1128.22822822823       331538292643.675
1129.52952952953       332248005713.819
1130.83083083083       332957718783.963
1132.13213213213       333667431854.107
1133.43343343343       334377144924.25
1134.73473473473       335086857994.394
1136.03603603604       335796571064.538
1137.33733733734       336506284134.681
1138.63863863864       337215997204.825
1139.93993993994       337925710274.969
1141.24124124124       338635423345.112
1142.54254254254       339345136415.256
1143.84384384384       340054849485.4
1145.14514514515       340764562555.544
1146.44644644645       341474275625.687
1147.74774774775       342183988695.831
1149.04904904905       342893701765.975
1150.35035035035       343603414836.118
1151.65165165165       344313127906.262
1152.95295295295       345022840976.406
1154.25425425425       345732554046.549
1155.55555555556       346442267116.693
1156.85685685686       347151980186.837
1158.15815815816       347861693256.98
1159.45945945946       348571406327.124
1160.76076076076       349281119397.268
1162.06206206206       349990832467.412
1163.36336336336       350700545537.555
1164.66466466466       351410258607.699
1165.96596596597       352119971677.843
1167.26726726727       352829684747.986
1168.56856856857       353539397818.13
1169.86986986987       354249110888.274
1171.17117117117       354958823958.417
1172.47247247247       355668537028.561
1173.77377377377       356378250098.705
1175.07507507508       357087963168.848
1176.37637637638       357797676238.992
1177.67767767768       358507389309.136
1178.97897897898       359217102379.28
1180.28028028028       359926815449.423
1181.58158158158       360636528519.567
1182.88288288288       361346241589.711
1184.18418418418       362055954659.854
1185.48548548549       362765667729.998
1186.78678678679       363475380800.142
1188.08808808809       364185093870.285
1189.38938938939       364894806940.429
1190.69069069069       365604520010.573
1191.99199199199       366314233080.716
1193.29329329329       367023946150.86
1194.59459459459       367733659221.004
1195.8958958959        368443372291.148
1197.1971971972        369153085361.291
1198.4984984985        369862798431.435
1199.7997997998        370572511501.579
1201.1011011011        371282224571.722
1202.4024024024        371991937641.866
1203.7037037037        372701650712.01
1205.00500500501       373411363782.153
1206.30630630631       374121076852.297
1207.60760760761       374830789922.441
1208.90890890891       375540502992.584
1210.21021021021       376250216062.728
1211.51151151151       376959929132.872
1212.81281281281       377669642203.016
1214.11411411411       378379355273.159
1215.41541541542       379089068343.303
1216.71671671672       379798781413.447
1218.01801801802       380508494483.59
1219.31931931932       381218207553.734
1220.62062062062       381927920623.878
1221.92192192192       382637633694.021
1223.22322322322       383347346764.165
1224.52452452452       384057059834.309
1225.82582582583       384766772904.452
1227.12712712713       385476485974.596
1228.42842842843       386186199044.74
1229.72972972973       386895912114.884
1231.03103103103       387605625185.027
1232.33233233233       388315338255.171
1233.63363363363       389025051325.315
1234.93493493494       389734764395.458
1236.23623623624       390444477465.602
1237.53753753754       391154190535.746
1238.83883883884       391863903605.889
1240.14014014014       392573616676.033
1241.44144144144       393283329746.177
1242.74274274274       393993042816.32
1244.04404404404       394702755886.464
1245.34534534535       395412468956.608
1246.64664664665       396122182026.752
1247.94794794795       396831895096.895
1249.24924924925       397541608167.039
1250.55055055055       398251321237.182
1251.85185185185       398961034307.326
1253.15315315315       399670747377.47
1254.45445445445       400380460447.614
1255.75575575576       401090173517.757
1257.05705705706       401799886587.901
1258.35835835836       402509599658.045
1259.65965965966       403219312728.188
1260.96096096096       403929025798.332
1262.26226226226       404638738868.476
1263.56356356356       405348451938.619
1264.86486486486       406058165008.763
1266.16616616617       406767878078.907
1267.46746746747       407477591149.051
1268.76876876877       408187304219.194
1270.07007007007       408897017289.338
1271.37137137137       409606730359.482
1272.67267267267       410316443429.625
1273.97397397397       411026156499.769
1275.27527527528       411735869569.913
1276.57657657658       412445582640.056
1277.87787787788       413155295710.2
1279.17917917918       413865008780.344
1280.48048048048       414574721850.488
1281.78178178178       415284434920.631
1283.08308308308       415994147990.775
1284.38438438438       416703861060.918
1285.68568568569       417413574131.062
1286.98698698699       418123287201.206
1288.28828828829       418833000271.35
1289.58958958959       419542713341.493
1290.89089089089       420252426411.637
1292.19219219219       420962139481.781
1293.49349349349       421671852551.925
1294.79479479479       422381565622.068
1296.0960960961        423091278692.212
1297.3973973974        423800991762.356
1298.6986986987        424510704832.499
1300                   425220417902.643
