Diffusion coefficient *N (1/m/s)
-----------------------
1.000000000000000000e+00 3.091579999999999926e+24
1.109089999999999954e+01 2.475880000000000057e+24
2.118179999999999907e+01 2.446209999999999786e+24
3.127270000000000039e+01 2.425840000000000105e+24
4.136359999999999815e+01 2.421879999999999885e+24
5.145450000000000301e+01 2.452450000000000230e+24
6.154549999999999699e+01 2.527040000000000185e+24
7.163639999999999475e+01 2.637269999999999973e+24
8.172729999999999961e+01 2.769199999999999887e+24
9.181820000000000448e+01 2.908559999999999794e+24
1.019090000000000060e+02 3.045839999999999912e+24
1.120000000000000000e+02 3.176059999999999791e+24
1.220909999999999940e+02 3.297620000000000255e+24
1.321819999999999879e+02 3.409080000000000002e+24
1.422729999999999961e+02 3.511440000000000130e+24
1.523640000000000043e+02 3.605310000000000164e+24
1.624550000000000125e+02 3.692080000000000088e+24
1.725449999999999875e+02 3.772410000000000207e+24
1.826359999999999957e+02 3.847119999999999778e+24
1.927270000000000039e+02 3.917030000000000204e+24
2.028180000000000121e+02 3.982540000000000207e+24
2.129089999999999918e+02 4.044289999999999886e+24
2.230000000000000000e+02 4.102719999999999983e+24
2.330910000000000082e+02 4.158229999999999755e+24
2.431819999999999879e+02 4.210990000000000135e+24
2.532729999999999961e+02 4.261580000000000072e+24
2.633639999999999759e+02 4.310070000000000015e+24
2.734549999999999841e+02 4.356689999999999899e+24
2.835450000000000159e+02 4.401589999999999915e+24
2.936360000000000241e+02 4.444949999999999755e+24
3.037269999999999754e+02 4.487010000000000264e+24
3.138179999999999836e+02 4.527639999999999843e+24
3.239089999999999918e+02 4.567070000000000038e+24
3.340000000000000000e+02 4.605389999999999891e+24
3.440910000000000082e+02 4.642669999999999850e+24
3.541820000000000164e+02 4.679000000000000027e+24
3.642730000000000246e+02 4.714430000000000131e+24
3.743639999999999759e+02 4.748670000000000147e+24
3.844549999999999841e+02 4.782490000000000165e+24
3.945450000000000159e+02 4.815559999999999763e+24
4.046360000000000241e+02 4.847920000000000424e+24
4.147269999999999754e+02 4.879629999999999539e+24
4.248179999999999836e+02 4.910710000000000535e+24
4.349089999999999918e+02 4.941189999999999692e+24
4.450000000000000000e+02 4.971109999999999566e+24
4.550910000000000082e+02 5.000840000000000451e+24
4.651820000000000164e+02 5.029689999999999855e+24
4.752730000000000246e+02 5.058059999999999720e+24
4.853639999999999759e+02 5.085950000000000047e+24
4.954549999999999841e+02 5.113390000000000336e+24
5.055450000000000159e+02 5.140410000000000090e+24
5.156359999999999673e+02 5.166999999999999474e+24
5.257269999999999754e+02 5.193199999999999971e+24
5.358179999999999836e+02 5.219020000000000341e+24
5.459089999999999918e+02 5.244329999999999523e+24
5.560000000000000000e+02 5.269430000000000049e+24
5.660910000000000082e+02 5.294179999999999949e+24
5.761820000000000164e+02 5.318599999999999964e+24
5.862730000000000246e+02 5.342699999999999930e+24
5.963640000000000327e+02 5.366489999999999679e+24
6.064550000000000409e+02 5.389980000000000118e+24
6.165449999999999591e+02 5.413189999999999843e+24
6.266359999999999673e+02 5.436119999999999927e+24
6.367269999999999754e+02 5.458770000000000369e+24
6.468179999999999836e+02 5.481219999999999840e+24
6.569089999999999918e+02 5.503370000000000002e+24
6.670000000000000000e+02 5.525260000000000190e+24
6.770910000000000082e+02 5.546919999999999906e+24
6.871820000000000164e+02 5.568350000000000223e+24
6.972730000000000246e+02 5.589550000000000068e+24
7.073640000000000327e+02 5.610540000000000181e+24
7.174550000000000409e+02 5.631309999999999657e+24
7.275449999999999591e+02 5.651880000000000308e+24
7.376359999999999673e+02 5.672259999999999823e+24
7.477269999999999754e+02 5.692429999999999606e+24
7.578179999999999836e+02 5.712420000000000234e+24
7.679089999999999918e+02 5.732110000000000479e+24
7.780000000000000000e+02 5.751739999999999573e+24
7.880910000000000082e+02 5.771200000000000419e+24
7.981820000000000164e+02 5.790489999999999796e+24
8.082730000000000246e+02 5.809609999999999851e+24
8.183640000000000327e+02 5.828580000000000251e+24
8.284550000000000409e+02 5.847390000000000089e+24
8.385449999999999591e+02 5.866050000000000272e+24
8.486359999999999673e+02 5.884569999999999561e+24
8.587269999999999754e+02 5.902940000000000269e+24
8.688179999999999836e+02 5.921170000000000083e+24
8.789089999999999918e+02 5.939269999999999910e+24
8.890000000000000000e+02 5.957239999999999750e+24
8.990910000000000082e+02 5.974939999999999783e+24
9.091820000000000164e+02 5.992659999999999483e+24
9.192730000000000246e+02 6.010250000000000270e+24
9.293640000000000327e+02 6.027719999999999830e+24
9.394550000000000409e+02 6.045080000000000145e+24
9.495449999999999591e+02 6.062330000000000140e+24
9.596359999999999673e+02 6.079459999999999982e+24
9.697269999999999754e+02 6.096490000000000413e+24
9.798179999999999836e+02 6.113420000000000358e+24
9.899089999999999918e+02 6.130239999999999983e+24
1.000000000000000000e+03 6.146960000000000197e+24